100
1006
1016
1018
1021
1032
1039
1051
1052
1053
1066
1084
1086
1092
1098
1102
1106
1109
111
1131
1139
1144
1159
1162
1174
1184
1194
1195
1199
1208
1211
1224
1247
126
1262
1267
1270
1274
1275
1277
1288
1290
1291
1299
1302
1308
1336
1337
1346
1348
1349
1356
1363
1369
1371
1387
1404
1405
1420
1437
1450
1453
1464
1466
1470
1475
1480
150
1508
1509
1523
1529
1542
1544
1549
1572
1574
1578
1580
1584
1604
1606
1609
1635
1647
1658
1664
1667
172
1737
1805
182
1823
1837
1840
1848
1850
1856
1866
1871
1886
1887
1891
191
1914
1919
192
1922
1926
1931
1940
1950
1957
1967
1973
1976
1983
2031
2033
2048
2057
2059
2060
2065
2067
2069
2076
208
211
2113
2121
2123
213
2130
2152
2154
2156
2160
2167
2187
2192
2210
2213
2215
222
2234
2242
2255
2261
2268
2271
2275
2277
2294
2295
2305
2315
2320
2323
2328
233
2330
2337
2339
2360
2364
2367
2380
2383
2386
2404
2408
2410
2412
2419
2423
2426
2429
2433
2441
2447
245
2453
2454
2455
2459
2496
2499
25
2503
2506
2512
2530
2532
2543
2545
2546
2547
2559
2573
2578
2580
2585
2592
2602
2603
2605
2610
2623
2689
269
2692
270
2703
2713
2718
2727
273
2745
2779
2786
2788
2793
2798
2818
2823
2834
2840
2846
2860
2874
2876
2883
2885
2897
2900
2907
2915
2917
292
2937
2939
2947
2950
296
2960
2963
2981
2983
2993
2994
2997
3000
3005
3012
3024
3028
3029
3045
3049
3054
3087
3109
3127
3134
3138
3140
3143
3158
3165
3166
3173
3180
3188
3194
3203
3206
3210
322
3225
3227
3228
324
3251
3253
3258
3259
3263
3268
3269
3275
3286
3295
3297
3299
3301
3307
3309
3318
3333
3337
3338
3379
338
3382
3385
3389
339
3390
3392
3394
3395
3396
3408
3416
3435
3443
3445
3449
345
3453
3454
346
3471
3479
348
3488
349
350
3512
3524
3525
3529
3535
3570
3574
3582
3606
3612
3613
3619
3621
3622
3630
3633
3642
3647
3649
3650
3657
3664
3666
3668
3672
3674
3687
3694
3697
3705
3723
3725
3728
3740
3742
3749
3760
3765
3769
3770
3799
380
3807
3809
3815
382
3820
3831
384
3842
385
3850
3854
3856
3878
3881
3883
3888
3890
3892
390
402
410
428
439
441
446
453
463
465
471
474
483
498
5
50
513
517
519
542
545
550
554
576
585
596
609
618
631
636
647
653
654
667
669
680
687
699
746
759
763
766
779
78
782
8
804
805
806
810
816
818
82
823
832
833
839
843
857
874
877
88
882
888
896
9
909
93
934
950
957
963
974
984
99
991
997
FIM

